Input: [7.0, 3.2, 4.7, 1.4] | Prediction: 5.737931019211828e-09
Input: [7.0, 3.2, 4.7, 1.4] | Prediction: 5.737931019211828e-09
